(01342)
(03214)
(01342)
(04123)

(02134)
(02134)
(01423)
(04312)

(02431)
(04123)
(01342)
(04123)

(02431)
(02431)
(02431)
(02431)

(03412)
(03412)
(04231)
(02143)

(01234)
(01234)
(02413)
(04321)

(04312)
(01423)
(01423)
(04312)

(03421)
(04132)
(01243)
(04132)

(01342)
(04123)
(04123)
(01342)

(01243)
(01243)
(02314)
(03421)

(04321)
(02413)
(01234)
(01234)

(02314)
(03421)
(02314)
(01243)

(02413)
(02413)
(04321)
(03142)

(03421)
(03421)
(04132)
(01243)

(03214)
(02431)
(03214)
(01342)

(04132)
(04132)
(04132)
(04132)

(02341)
(04213)
(01432)
(01432)

(04231)
(04231)
(02143)
(01324)

(04123)
(01342)
(04123)
(02431)

(01243)
(04132)
(04132)
(01243)

(02143)
(04231)
(04231)
(02143)

(01342)
(03214)
(02431)
(03214)

(01432)
(01432)
(04213)
(02341)

(02314)
(02314)
(02314)
(02314)

(04213)
(01432)
(01432)
(04213)

(03124)
(03124)
(03124)
(03124)

(02134)
(02134)
(02134)
(02134)

(02341)
(02341)
(02341)
(02341)

(04213)
(02341)
(04213)
(01432)

(03412)
(04231)
(02143)
(04231)

(03142)
(01234)
(03142)
(04321)

(01324)
(02143)
(02143)
(01324)

(01324)
(02143)
(04231)
(04231)

(03241)
(02134)
(03241)
(04312)

(03421)
(03421)
(03421)
(03421)

(02431)
(04123)
(02431)
(03214)

(01243)
(04132)
(03421)
(03421)

(02413)
(02413)
(02413)
(02413)

(03421)
(02314)
(02314)
(03421)

(03241)
(02134)
(01423)
(02134)

(04213)
(04213)
(04213)
(04213)

(04213)
(04213)
(02341)
(03124)

(03124)
(03124)
(01432)
(04213)

(02431)
(03214)
(03214)
(02431)

(01342)
(01342)
(03214)
(02431)

(03124)
(01432)
(04213)
(01432)

(02143)
(01324)
(02143)
(04231)

(01432)
(03124)
(03124)
(01432)

(04132)
(03421)
(02314)
(02314)

(01423)
(01423)
(01423)
(01423)

(01234)
(03142)
(04321)
(04321)

(04213)
(02341)
(03124)
(02341)

(01243)
(02314)
(03421)
(02314)

(02431)
(03214)
(01342)
(01342)

(02143)
(02143)
(02143)
(02143)

(04123)
(04123)
(01342)
(03214)

(02341)
(02341)
(03124)
(01432)

(02341)
(03124)
(02341)
(04213)

(04132)
(01243)
(04132)
(03421)

(02341)
(03124)
(01432)
(03124)

(01432)
(01432)
(01432)
(01432)

(04312)
(01423)
(02134)
(02134)

(02413)
(04321)
(02413)
(01234)

(02143)
(01324)
(03412)
(01324)

(02134)
(01423)
(02134)
(03241)

(04213)
(01432)
(03124)
(03124)

(04312)
(03241)
(02134)
(03241)

(03421)
(02314)
(01243)
(01243)

(01234)
(01234)
(01234)
(01234)

(02143)
(04231)
(03412)
(03412)

(03214)
(01342)
(01342)
(03214)

(03214)
(03214)
(02431)
(04123)

(04123)
(01342)
(03214)
(01342)

(01432)
(04213)
(01432)
(03124)

(02143)
(02143)
(01324)
(03412)

(03214)
(03214)
(03214)
(03214)

(02314)
(03421)
(04132)
(03421)

(04132)
(04132)
(01243)
(02314)

(04231)
(02143)
(04231)
(03412)

(01234)
(03142)
(03142)
(01234)

(01324)
(01324)
(01324)
(01324)

(03142)
(04321)
(04321)
(03142)

(03412)
(01324)
(01324)
(03412)

(03412)
(03412)
(03412)
(03412)

(01243)
(02314)
(01243)
(04132)

(04132)
(03421)
(03421)
(04132)

(02413)
(04321)
(03142)
(04321)

(02341)
(04213)
(04213)
(02341)

(01432)
(04213)
(02341)
(04213)

(01423)
(04312)
(03241)
(04312)

(04321)
(03142)
(04321)
(02413)

(02314)
(01243)
(01243)
(02314)

(01342)
(01342)
(01342)
(01342)

(04321)
(02413)
(02413)
(04321)

(04321)
(04321)
(03142)
(01234)

(04321)
(04321)
(04321)
(04321)

(02314)
(02314)
(03421)
(04132)

(03142)
(04321)
(02413)
(02413)

(02134)
(01423)
(04312)
(01423)

(04312)
(03241)
(04312)
(01423)

(04312)
(04312)
(04312)
(04312)

(04123)
(02431)
(03214)
(03214)

(03142)
(01234)
(02413)
(01234)

(03142)
(03142)
(01234)
(02413)

(04321)
(03142)
(01234)
(03142)

(03124)
(02341)
(02341)
(03124)

(01432)
(03124)
(02341)
(02341)

(04231)
(02143)
(01324)
(02143)

(03124)
(01432)
(03124)
(02341)

(02413)
(01234)
(03142)
(03142)

(01324)
(01324)
(03412)
(04231)

(03412)
(04231)
(03412)
(01324)

(01423)
(04312)
(01423)
(02134)

(01324)
(03412)
(04231)
(03412)

(04231)
(03412)
(01324)
(01324)

(03241)
(04312)
(04312)
(03241)

(02314)
(01243)
(04132)
(04132)

(01243)
(01243)
(01243)
(01243)

(01234)
(02413)
(01234)
(03142)

(01423)
(02134)
(02134)
(01423)

(03241)
(04312)
(01423)
(01423)

(02413)
(01234)
(01234)
(02413)

(01423)
(01423)
(04312)
(03241)

(03241)
(03241)
(02134)
(01423)

(04231)
(03412)
(03412)
(04231)

(04231)
(04231)
(04231)
(04231)

(02431)
(02431)
(04123)
(01342)

(03241)
(03241)
(03241)
(03241)

(03421)
(04132)
(03421)
(02314)

(01423)
(02134)
(03241)
(03241)

(03412)
(01324)
(02143)
(02143)

(04123)
(04123)
(04123)
(04123)

(04312)
(04312)
(03241)
(02134)

(03214)
(02431)
(04123)
(02431)

(02134)
(03241)
(03241)
(02134)

(04123)
(02431)
(02431)
(04123)

(01342)
(04123)
(02431)
(02431)

(03142)
(03142)
(03142)
(03142)

(01324)
(03412)
(01324)
(02143)

(03214)
(01342)
(04123)
(04123)

(04132)
(01243)
(02314)
(01243)

(02134)
(03241)
(04312)
(04312)

(01234)
(02413)
(04321)
(02413)

(03124)
(02341)
(04213)
(04213)

